597.515690171
932.619965474
791.568064035
646.919624065
608.306666082
782.818625226
582.052403139
637.397834951
974.965127581
740.618660310
416.558519298
726.636773085
935.847209752
775.098703392
712.146052436
585.908695959
747.493143781
815.442211318
918.773639152
1004.639736423
794.421172930
1030.214055427
928.806223063
902.029932984
961.208094015
869.648779681
885.469931731
900.347155268
776.466354712
725.397132611
909.793932712
637.043169652
863.231139383
966.056416572
694.075644292
935.057752227
973.059607629
621.840011579
1005.698264889
1139.962280078
673.026745382
803.928479406
841.477272420
595.638313073
676.062127323
838.401455151
733.989100737
872.493552985
646.006965907
889.378434638
977.471227198
690.241262169
872.561745666
763.620979282
626.673758825
961.002081163
628.007165564
818.491905885
563.639068908
726.099166781
594.072386162
656.509710515
891.636697316
946.741781058
651.818993280
727.793926878
641.880051100
663.759745691
847.933959693
767.235296373
1104.674160103
681.566577819
698.960656976
730.743457035
682.815494845
888.090648526
486.124469658
733.130274917
922.033079667
651.457596471
740.780669294
721.382700098
672.402409276
673.317904114
801.446816701
910.242275441
930.516523228
783.526004674
622.261199176
807.150543579
861.506819474
785.103814791
663.138748679
601.067383910
631.981803536
883.801448290
761.650838639
715.134952299
896.920286313
967.054290100
1130.184498213
662.324693787
991.478189372
786.552604725
785.896939808
983.139867974
725.289597333
884.796586793
1186.532763981
824.118923457
917.237700926
685.572023933
967.998450412
793.728543017
1074.531525829
798.981852109
651.479853871
845.927892908
810.074687915
796.859460633
604.643696734
919.824439771
768.537572276
654.487585826
743.682728050
744.994630853
810.422729198
861.826548674
820.176200581
668.934226961
820.811793288
936.619453140
830.195157779
779.483162102
666.838811108
800.339927781
682.375996061
731.361059942
687.352165924
585.006837567
981.578320869
602.973465419
804.987577544
884.285021924
816.098033327
628.829070575
888.279798262
937.450265347
684.757621352
794.251849227
588.328139732
987.360116675
858.233651170
640.672303132
953.495673823
815.041103258
904.210705533
904.377133722
957.765106903
736.513407889
785.126741361
819.531573522
912.449998630
643.566624368
922.762157872
990.109589894
630.038887689
812.485692182
712.349633256
588.918500304
720.184004266
939.247038856
1033.430210513
797.617702913
580.718520455
852.760224213
816.627209931
563.391515733
898.257201474
1025.362862600
726.275429847
983.293445519
880.201113383
802.554048024
751.664818919
592.337741496
729.948628329
754.115375788
731.923493270
995.292921707
591.798107466
622.234682415
728.429131762
689.765902318
879.118877058
662.535282079
640.993759720
762.070862847
959.152229836
643.572062787
773.310416327
701.208242964
1013.738131866
976.545953860
932.849398349
656.612518918
1037.221287865
676.932049766
867.597256796
715.052445629
1014.822644603
797.235849671
980.967889383
682.097500362
599.736608854
1034.660330737
1030.849164524
821.815064355
735.766267234
789.747427979
826.879072174
655.613453187
855.207577141
755.875651149
1160.142232659
575.044346116
975.156397713
986.311309881
881.056751861
616.273478255
930.344022392
982.641338434
634.179785234
728.154516569
780.098711703
863.689759115
754.624409889
611.441738844
717.005578779
655.586760086
1053.147662961
821.263051647
751.116502282
771.835474697
639.676480731
640.857238392
677.082712820
699.778536396
981.862006598
599.016694258
890.224690738
611.925649078
959.833839787
956.088385036
992.585008954
1053.594324206
826.569416323
741.124146146
686.352679022
648.459713475
755.905417364
739.470756690
596.192083141
604.652792932
662.616027576
781.642501403
613.868064001
645.600495663
517.220455899
659.221510571
1013.718402713
629.364759102
667.485580369
1076.150547089
1050.954328218
572.647360947
761.863504835
860.865262396
878.865746289
605.078507303
992.649988667
588.391876219
723.284867808
953.339918392
723.626975727
694.707132539
905.207158611
664.198765431
908.547191950
977.839455125
704.968793636
598.475563411
715.325100916
937.800085306
914.945353559
857.776777489
878.152606328
832.144819127
636.019653784
839.252643725
985.397889180
808.170774032
695.834750498
935.384947495
740.227667681
739.097422536
594.013467861
751.537091566
737.341847449
690.822697948
881.909292388
757.622597340
648.558401380
826.221519933
900.413793764
715.861718490
616.815207335
928.493403315
1104.370408876
811.803547664
718.910981972
698.891980209
662.469621945
802.476790942
838.005369911
678.832085276
829.101923771
839.094750311
779.705072447
1058.243828236
987.585439342
608.395430621
535.523108745
787.818507018
945.486647182
750.192641926
687.119349167
806.273526789
623.674594641
791.394339126
832.514864732
804.667011875
762.465081168
902.160185333
989.673178378
983.880073993
702.215066771
795.057230644
660.006818147
602.204284276
743.244912529
638.376847951
871.527394865
632.054586250
730.729087966
859.700529254
855.210500403
630.155536356
777.402083867
828.022342694
675.805445376
611.765477941
695.287710232
969.684484768
701.486992039
981.644029167
807.019826274
615.507920339
951.896002723
1001.151836636
918.960282058
698.962803016
746.418113392
686.664401291
883.068513763
833.626415129
701.509800359
749.242283911
859.200209497
672.268547531
807.158596560
824.801188166
608.328858431
984.809118561
876.550055616
970.621450412
773.952194906
668.315045469
913.039977219
749.456469717
681.833557402
745.081203628
783.975764932
687.815382207
755.514394304
886.081260382
1072.511072204
738.231670954
898.612819851
847.332874377
737.183830533
778.730376960
851.803968058
718.542970183
710.882550074
744.261378818
868.632258208
762.774540739
640.363178204
998.052603824
794.861623177
659.627925425
680.244808874
774.620552271
1055.327437339
844.147498960
826.804088040
907.403438389
677.729296991
707.663761966
727.712168374
878.390004497
770.976004815
683.078326402
875.098280195
706.412061052
1062.015065807
843.424566870
595.046216692
874.339179038
837.908109520
598.351903147
796.528091156
653.643633794
814.442754280
803.731920481
1007.361901205
705.292138053
642.567506181
959.971353739
938.946750354
575.423322433
838.580347969
1039.219418602
679.662416204
830.195157779
837.869321553
1067.953650680
778.472864010
651.770665188
999.321770002
616.834661802
730.020547656
689.507795460
652.343467814
888.448647925
1048.627674630
921.331644957
584.906830188
951.117763476
707.157691042
840.060116896
944.576095399
806.464506349
1036.467558585
915.561576302
1066.129917036
691.667550200
756.222850752
1024.601873900
757.198124668
1108.305012169
550.705910627
760.263112350
1018.461584941
893.456770079
785.531667089
1007.605081369
783.224744247
667.200119904
940.511031302
573.694169397
1001.097397859
741.121447537
718.455287405
838.380581836
614.239367022
669.198027493
865.223670504
801.988154526
794.134749271
626.422381465
655.769776675
862.838339436
729.423059685
569.014059580
1070.099528081
868.571816259
770.078567420
656.601096557
778.809989664
978.785471899
855.131568824
644.437739429
813.801572867
731.098488577
516.186981626
874.439820685
634.000000000
648.836651246
758.633640172
1084.605919217
754.721803051
636.849275732
838.843251150
765.655274912
729.222188362
989.332097933
1015.243813081
861.234578962
725.415742867
737.637444820
756.827589349
697.166407682
798.276267967
1003.215330824
866.548325254
773.098958737
799.982499809
953.692298386
598.264991454
958.362144494
1044.023467169
828.304291912
1002.781132651
809.556051179
906.642708017
808.654437940
648.583841920
795.972361329
957.003657255
742.781933006
597.437862878
1069.877095745
733.886230965
583.933215359
654.223967766
855.074850525
782.366282505
917.263866071
778.543511950
880.409563783
925.239968873
629.321062733
717.251699196
890.359477964
538.435697182
885.621250874
766.853962629
613.281338376
978.276545768
887.311106659
919.452554513
698.987839665
626.483040473
615.831957599
1007.470595104
768.658571799
600.386542154
958.972888042
621.086145394
878.203279429
914.930051971
791.204777539
616.458433311
880.732649559
953.428025600
816.904523185
812.341061378
688.178029292
759.264117419
652.966308472
842.819672291
1007.762372784
627.345200029
548.340222854
706.847225361
843.262711140
671.271182161
846.400023629
540.123134109
624.051279944
726.909210287
1039.323337562
870.864512998
887.538731549
760.608309184
765.655274912
648.577674608
843.148859929
623.060992199
663.162875921
817.259444730
869.966666028
741.290766164
716.279275143
976.729235766
662.812944955
988.267676290
804.692487849
870.683639447
1004.442133724
628.866440510
619.681369738
796.774748596
654.728187876
778.131736919
582.765819176
978.800286065
811.233628494
807.814954058
733.160964591
841.204493569
585.119645884
915.450162488
658.801942924
972.897733577
855.458941154
974.271522729
786.206079854
871.353544780
843.144708813
828.283164141
1009.001982159
678.643499932
828.551748535
731.197647699
628.618326173
580.237882252
629.260677303
951.918588956
659.674161992
974.148345993
1004.757184597
659.488438109
691.876434055
976.649886090
742.515993094
627.936302502
624.169848679
686.804193348
753.122831947
836.316327713
975.223564112
710.281634283
546.677235670
555.022522066
759.190358211
1049.059102244
992.961731387
792.615922121
718.178250854
822.216516497
663.771798135
666.000750750
828.312139233
960.421261739
675.971153231
999.089585573
821.143105676
670.255175288
1008.968780488
843.806849937
523.215060945
982.008146606
799.315957554
746.662574394
804.121881309
1011.083577159
806.747792064
1043.552106988
708.176531664
647.076502432
678.859337418
603.613286799
906.353132063
643.979036926
798.399023045
829.385314555
1122.755538842
924.062768431
719.034074297
884.045813293
796.699441446
1114.212277800
642.059187303
940.222314136
976.657565373
756.375568088
773.209544690
723.525396928
700.589037882
741.928567990
1056.948910780
660.366564871
573.149195236
1020.472929577
671.268947591
686.528950591
802.461837099
828.473294681
818.315342640
950.678178986
754.801298356
766.431340695
569.590203567
817.982884907
680.540961295
688.537580674
661.208741624
859.239780271
708.020479930
600.780325910
1030.427095917
967.124604175
745.054360433
801.678239695
581.489466801
621.071654481
737.411689628
1122.349321735
727.176044710
788.041877060
552.856220007
723.861865275
851.000587544
757.622597340
759.885517693
885.799074283
802.207579122
745.718445528
579.327195978
1099.317970380
685.822863428
743.682728050
800.524827847
1018.736963107
749.096122003
916.526049821
850.088230715
545.770098118
750.046665215
908.722729990
759.281897585
575.673518585
568.271941943
860.145336557
524.137386570
927.541373740
1006.794914568
741.431723087
633.880903640
1090.266022583
815.206108907
851.577947108
885.014124181
810.888401693
809.533816465
1088.595425307
604.424519688
723.149362165
729.126189353
601.521404440
630.417322097
635.236176552
864.089115775
556.755781290
644.342300334
692.249232575
708.314195820
893.013997651
928.568791205
588.551612010
883.382703023
880.541878618
976.514720831
573.250381596
660.787409081
1032.988383284
675.251804885
1049.245443164
751.010652388
1001.575758493
849.602848394
648.445063209
625.122388017
811.039456500
660.464230674
715.095098571
974.811776704
675.043702289
800.099993751
902.851039762
722.497058818
644.937981515
685.701101064
642.234380892
861.006387897
756.719234591
788.431988189
785.531667089
742.006064665
792.379959363
691.711645124
835.138910601
987.585439342
557.000000000
806.439706364
684.018274610
1019.568536196
681.205549009
653.826429567
775.649405337
979.650958250
900.245522066
625.307924146
744.419908385
856.889724527
926.343888629
883.375344913
516.806540206
776.073450132
775.541746136
710.154912678
902.326991728
760.858068236
765.211735404
588.249096897
804.837871872
730.244479609
840.386815699
716.894692406
856.028621017
633.034754180
772.534788861
919.151782896
720.055553412
811.355039425
739.173186743
961.087925218
998.438781298
1051.125587168
641.891735420
733.092081529
911.100982329
738.052166178
934.160585767
663.254099120
959.484236452
930.434844575
695.484004129
871.436170927
880.014204431
984.366801553
934.773769422
787.030494962
906.228448020
715.241218052
606.778377993
627.434458729
1056.933299693
768.423060560
740.192542518
939.626521550
632.133688392
766.677246304
678.517501617
681.974339693
851.267877933
826.259644422
870.359121283
847.222520947
592.993254599
899.450943632
595.332680104
694.123908247
685.493253067
840.517102741
803.080319769
937.403328349
737.002713699
1176.423818188
641.751509542
667.701280514
574.394463762
858.617493416
679.621218033
586.412823871
966.855728638
699.817833440
711.424627069
604.400529450
689.157456609
969.290462142
690.427403859
527.266536014
717.490766491
855.696792094
846.472681189
1012.235644502
908.308868172
728.175802949
703.465706343
765.230030775
647.800123495
689.122630596
1099.330705475
949.608866850
731.935789533
724.288616506
1054.990521284
555.577177357
1097.044210595
903.321094628
740.354644748
588.302643203
663.489261405
824.915147152
686.531135492
688.962263118
907.105837265
965.393702072
854.326635427
614.342738217
785.674232745
929.260458644
751.116502282
758.315237879
577.084049338
737.785876796
1056.445455289
701.120531720
783.051722430
723.394774656
897.180583829
718.156668144
658.316793041
733.333484848
716.226221246
541.059146490
555.597876166
728.896426113
913.153875313
981.228821427
946.381001500
730.326639251
841.513517420
724.811699685
901.311266988
725.403336083
738.653504696
1096.476629938
1097.780488076
923.735892991
607.967926786
1155.512440435
707.068596389
722.530276182
756.439025963
827.600144998
616.825745247
768.485523611
983.980690867
652.736547161
1040.730993101
1090.359573719
613.157402304
679.100139891
819.812783506
676.494641516
738.237089288
737.854321665
676.009615316
808.855982237
629.981745767
711.911511355
1006.499379036
883.088330803
891.219389376
623.927079073
666.018768504
677.844377420
922.462465361
730.753720483
901.600798580
701.407157078
686.419696687
844.410445222
876.796441599
603.464166293
